000.542 000.525 002.260 001.052 003.978 001.578 005.696 002.104 007.413 002.630 009.131 003.156 016.002 005.260 170.593 052.596
001.074 001.060 003.153 001.853 005.232 002.646 007.310 003.438 009.389 004.231 011.468 005.024 019.782 008.196 206.858 079.553
001.619 001.601 003.914 002.575 006.210 003.548 008.506 004.521 010.802 005.495 013.097 006.468 022.280 010.361 228.898 097.962
002.145 002.127 004.591 003.232 007.036 004.337 009.481 005.442 011.926 006.546 014.371 007.651 024.152 012.071 244.223 111.505
002.685 002.665 005.249 003.878 007.814 005.090 010.378 006.303 012.943 007.515 015.507 008.728 025.765 013.578 256.572 122.701
003.222 003.202 005.884 004.503 008.546 005.805 011.207 007.107 013.869 008.409 016.531 009.711 027.177 014.918 266.729 132.084
003.758 003.736 006.502 005.115 009.245 006.493 011.989 007.871 014.733 009.249 017.476 010.627 028.451 016.140 275.381 140.181
004.292 004.270 007.107 005.715 009.921 007.160 012.736 008.605 015.550 010.050 018.365 011.495 029.623 017.274 282.935 147.318
004.825 004.803 007.702 006.307 010.579 007.811 013.456 009.315 016.333 010.819 019.210 012.323 030.718 018.340 289.653 153.710
005.371 005.348 008.305 006.907 011.239 008.466 014.174 010.024 017.108 011.583 020.043 013.142 031.780 019.376 295.875 159.658
005.915 005.892 008.901 007.500 011.887 009.108 014.873 010.716 017.859 012.325 020.846 013.933 032.790 020.365 301.538 165.096
006.458 006.434 009.491 008.088 012.524 009.741 015.557 011.394 018.590 013.048 021.624 014.701 033.756 021.314 306.741 170.112
006.999 006.975 010.075 008.670 013.152 010.365 016.228 012.060 019.304 013.755 022.381 015.450 034.686 022.230 311.559 174.773
007.553 007.529 010.671 009.264 013.788 010.998 016.905 012.733 020.023 014.467 023.140 016.202 035.610 023.139 316.171 179.243
008.091 008.067 011.246 009.837 014.400 011.608 017.554 013.378 020.709 015.148 023.863 016.919 036.481 024.000 320.374 183.331
008.643 008.618 011.833 010.423 015.023 012.228 018.213 014.032 021.402 015.837 024.592 017.642 037.352 024.861 324.442 187.292
009.193 009.168 012.416 011.005 015.639 012.842 018.862 014.679 022.085 016.516 025.309 018.353 038.201 025.702 328.286 191.042
009.741 009.716 012.995 011.583 016.250 013.451 019.504 015.319 022.759 017.186 026.013 019.054 039.031 026.524 331.932 194.605
010.302 010.277 013.587 012.174 016.872 014.071 020.157 015.968 023.441 017.865 026.726 019.762 039.865 027.351 335.494 198.089
010.862 010.836 014.175 012.761 017.489 014.686 020.802 016.611 024.116 018.536 027.429 020.461 040.683 028.161 338.890 201.415
011.406 011.379 014.746 013.330 018.086 015.281 021.425 017.232 024.765 019.183 028.105 021.134 041.465 028.938 342.056 204.520
011.963 011.936 015.329 013.912 018.694 015.888 022.060 017.865 025.426 019.841 028.792 021.817 042.255 029.722 345.174 207.582
012.532 012.505 015.923 014.506 019.314 016.507 022.706 018.508 026.097 020.509 029.488 022.510 043.052 030.514 348.247 210.600
013.086 013.058 016.500 015.082 019.915 017.106 023.330 019.130 026.744 021.154 030.159 023.178 043.817 031.274 351.130 213.436
