1 1000 2000
2 1199 2000
3 1333 2000
4 1428 2000
5 1499 2000
6 1555 2000
7 1599 2000
8 1636 2000
9 1666 2000
10 1692 2000
11 1714 2000
12 1733 2000
13 1749 2000
14 1764 2000
15 1777 2000
16 1789 2000
17 1799 2000
18 1809 2000
19 1818 2000
20 1826 2000
21 1833 2000
22 1839 2000
23 1846 2000
24 1851 2000
25 1857 2000
26 1862 2000
27 1866 2000
28 1870 2000
29 1874 2000
30 1878 2000
31 1882 2000
32 1885 2000
33 1888 2000
34 1891 2000
35 1894 2000
36 1897 2000
37 1899 2000
38 1902 2000
39 1904 2000
40 1906 2000
41 1909 2000
42 1911 2000
43 1913 2000
44 1914 2000
45 1916 2000
46 1918 2000
47 1919 2000
48 1921 2000
49 1923 2000
50 1924 2000
51 1925 2000
52 1927 2000
53 1928 2000
54 1929 2000
55 1931 2000
56 1932 2000
57 1933 2000
58 1934 2000
59 1935 2000
60 1936 2000
61 1937 2000
62 1938 2000
63 1939 2000
64 1940 2000
65 1941 2000
66 1942 2000
67 1942 2000
68 1943 2000
69 1944 2000
70 1945 2000
71 1945 2000
72 1946 2000
73 1947 2000
74 1948 2000
75 1948 2000
76 1949 2000
77 1949 2000
78 1950 2000
79 1951 2000
80 1951 2000
81 1952 2000
82 1952 2000
83 1953 2000
84 1954 2000
85 1954 2000
86 1955 2000
87 1955 2000
88 1956 2000
89 1956 2000
90 1956 2000
91 1957 2000
92 1957 2000
93 1958 2000
94 1958 2000
95 1959 2000
96 1959 2000
