1 500000000000000000 500000000000000000
2 749999952467877316 1000000000000000000
3 1166666561039734063 2000000000000000000
4 1874999797988497797 4000000000000000000
5 3099999627348200669 8000000000000000000
6 5249999318706327887 16000000000000000000
7 9071428571428571428 32000000000000000000
8 15937498478972363308 64000000000000000000
9 28388884832815191043 128000000000000000000
10 51149991482245234525 256000000000000000000
11 93045437952425781542 512000000000000000000
12 170624968565428841700 1024000000000000000000
13 315038402569390085175 2048000000000000000000
14 585107032473994365787 4096000000000000000000
15 1092233126473574743234 8192000000000000000000
16 2047968361377438825219 16384000000000000000000
17 3855028679524107136086 32768000000000000000000
18 7281748616202856751856 65536000000000000000000
19 13797023693217611682805 131072000000000000000000
20 26214370016505051142652 262144000000000000000000
21 49932157173715896410123 524288000000000000000000
22 95325050058359064915074 1048576000000000000000000
23 182360987067636114572597 2097152000000000000000000
24 349525246045795543718580 4194304000000000000000000
