1 500000000000000000 500000000000000000
2 541666666666666666 1000000000000000000
3 663194458968151358 2000000000000000000
4 941261735485268991 4000000000000000000
5 1529490021120399984 8000000000000000000
6 2735366516274572234 16000000000000000000
7 5174086393582576398 32000000000000000000
8 10076248574926621131 64000000000000000000
9 19903229569090032192 128000000000000000000
10 39577971345167558948 256000000000000000000
11 78946480591070748346 512000000000000000000
12 157700984211391241466 1024000000000000000000
13 315225929645135539154 2048000000000000000000
14 630290490416337814168 4096000000000000000000
15 1260433298986128108047 8192000000000000000000
16 2520730743718719335879 16384000000000000000000
17 5041337912854095448642 32768000000000000000000
18 10082560632054520874314 65536000000000000000000
19 20165015669930100416174 131072000000000000000000
20 40329942213050700466286 262144000000000000000000
21 80659787390826726612579 524288000000000000000000
22 161319485832654257335052 1048576000000000000000000
23 322638951471558467330054 2097152000000000000000000
24 645277761746522514465662 4194304000000000000000000
