1 500000000000000000 1000000000000000000
2 599999969579444952 1000000000000000000
3 666666624415893625 1000000000000000000
4 714285667723636186 1000000000000000000
5 749999952467877316 1000000000000000000
6 777777730832470431 1000000000000000000
7 799999954369160488 1000000000000000000
8 818181774185140358 1000000000000000000
9 833333291082554936 1000000000000000000
10 846153805653099603 1000000000000000000
11 857142818341121178 1000000000000000000
12 866666629485980735 1000000000000000000
13 874999964350904598 1000000000000000000
14 882352906966496493 1000000000000000000
15 888888856027170969 1000000000000000000
16 894736810504956510 1000000000000000000
17 899999969579438012 1000000000000000000
18 904761875445036526 1000000000000000000
19 909090880807328534 1000000000000000000
20 913043450945619872 1000000000000000000
21 916666640259928495 1000000000000000000
22 919999974446727541 1000000000000000000
23 923076898326465403 1000000000000000000
24 925925901931655023 1000000000000000000
25 928571409170560589 1000000000000000000
26 931034463768377428 1000000000000000000
27 933333314742990367 1000000000000000000
28 935483852766053322 1000000000000000000
29 937499982175452299 1000000000000000000
30 939393921934939452 1000000000000000000
31 941176453483248246 1000000000000000000
32 942857126094792556 1000000000000000000
33 944444428013585484 1000000000000000000
34 945945929835714167 1000000000000000000
35 947368405252478255 1000000000000000000
36 948717933217662396 1000000000000000000
37 949999984789719006 1000000000000000000
38 951219497265339865 1000000000000000000
39 952380937722518263 1000000000000000000
40 953488357697137976 1000000000000000000
41 954545440403664267 1000000000000000000
42 955555541659743172 1000000000000000000
43 956521725472809936 1000000000000000000
44 957446795083726448 1000000000000000000
45 958333320129964247 1000000000000000000
46 959183660482683684 1000000000000000000
47 959999987223363770 1000000000000000000
48 960784301152593358 1000000000000000000
49 961538449163232701 1000000000000000000
50 962264138760009656 1000000000000000000
51 962962950965827511 1000000000000000000
52 963636351820112040 1000000000000000000
53 964285702645192863 1000000000000000000
54 964912269232013148 1000000000000000000
55 965517230075593524 1000000000000000000
56 966101683772991242 1000000000000000000
57 966666655681463448 1000000000000000000
58 967213103921729188 1000000000000000000
59 967741924800270605 1000000000000000000
60 968253957715224516 1000000000000000000
61 968749989602346680 1000000000000000000
62 969230758970579384 1000000000000000000
63 969696959570749264 1000000000000000000
64 970149243735725037 1000000000000000000
65 970588225425855447 1000000000000000000
66 971014483009586533 1000000000000000000
67 971428561805740282 1000000000000000000
68 971830976410952842 1000000000000000000
69 972222212833159562 1000000000000000000
70 972602730449725102 1000000000000000000
71 972972963806806239 1000000000000000000
72 973333324274765664 1000000000000000000
73 973684201572895214 1000000000000000000
74 974025965175329508 1000000000000000000
75 974358965608812384 1000000000000000000
76 974683535651898805 1000000000000000000
77 974999991444216615 1000000000000000000
78 975308633513560773 1000000000000000000
79 975609747727834344 1000000000000000000
80 975903606178174484 1000000000000000000
81 976190467998998004 1000000000000000000
82 976470580130161358 1000000000000000000
83 976744178025946688 1000000000000000000
84 977011486315152279 1000000000000000000
85 977272719416176846 1000000000000000000
86 977528082110637469 1000000000000000000
87 977777770078746332 1000000000000000000
88 978021970399387898 1000000000000000000
89 978260862017582358 1000000000000000000
90 978494616533513737 1000000000000000000
91 978723397197583319 1000000000000000000
92 978947361426851202 1000000000000000000
93 979166659734897786 1000000000000000000
94 979381436428558178 1000000000000000000
95 979591829924592856 1000000000000000000
96 979797973047166176 1000000000000000000
