21 18 20
22 18 20
23 18 20
24 18 20
25 18 20
26 18 20
27 18 20
28 18 20
29 18 20
30 18 20
31 18 20
32 18 20
33 18 20
34 18 20
35 18 20
36 18 20
37 18 20
38 37 40
39 37 40
40 37 40
41 37 40
42 37 40
43 37 40
44 37 40
45 37 40
46 37 40
47 37 40
48 37 40
49 37 40
50 37 40
51 38 40
52 38 40
53 38 40
54 38 40
55 38 40
56 38 40
57 38 40
58 38 40
59 38 40
60 38 40
61 38 40
62 38 40
63 38 40
64 38 40
65 38 40
66 38 40
67 38 40
68 38 40
69 38 40
70 38 40
71 38 40
72 38 40
73 38 40
74 38 40
75 38 40
76 38 40
77 38 40
78 38 40
79 38 40
80 38 40
81 38 40
82 38 40
83 38 40
84 38 40
85 38 40
86 57 60
87 57 60
88 57 60
89 57 60
90 57 60
91 57 60
92 57 60
93 57 60
94 57 60
95 57 60
96 57 60
